-2.385835e-04
-1.433943e-01
2.626330e-01
-1.462557e-01
-9.953460e-06
1.252670e-01
-1.245508e-01
-1.027817e+00
-6.814986e-01
1.406939e-04
5.415479e-01
1.421853e-01
4.649856e-01
-3.083728e-03
-5.002833e-03
1.655790e-01
-1.256178e-01
-1.334818e-05
8.994995e-01
-1.154405e+00
9.019298e-01
5.859842e-01
-6.736644e-05
-1.419966e-01
7.920544e-01
5.657792e-01
-2.130984e-04
-1.469953e-01
-2.630720e-01
-1.458384e-01
-7.818509e-08
1.185571e-01
1.244583e-01
8.698405e-01
-8.793887e-01
1.043070e-04
5.530028e-01
-1.217928e-01
4.635068e-01
-3.162671e-03
-4.953980e-03
-1.644194e-01
-1.239745e-01
-1.015032e-06
8.723919e-01
1.195105e+00
-7.555685e-01
7.371226e-01
-7.587562e-05
-1.241021e-01
-8.102691e-01
5.854551e-01
-9.949237e-01
2.092329e-01
-8.754837e-04
-9.357263e-02
-2.579245e-06
8.733546e-02
1.634513e-03
-3.556781e-03
-3.702538e-02
1.133701e-05
7.173200e-02
7.843895e-04
-5.679971e-02
-2.894465e-02
-4.649793e-01
1.609917e-03
2.047511e-01
3.003243e-06
-1.644970e-01
-2.796943e-03
2.490687e-02
2.229991e-01
-7.346982e-05
-4.684771e-01
-8.022616e-03
1.651127e+00
1.394220e-02
-4.534309e-01
4.534686e-03
3.897018e-01
1.920279e-05
-1.000161e+00
-2.639965e-02
-4.828425e-02
-3.563893e-01
5.498455e-05
1.662890e-01
1.432966e-02
-2.644605e+00
1.970499e-04
1.397353e-02
-1.802654e-01
5.091264e-02
-6.034307e-01
3.396290e-02
-1.588554e-01
-9.812169e-02
-5.339695e-02
-8.916847e-01
-6.283088e-02
-3.343662e-01
-1.948941e-02
2.091503e-03
1.524246e-01
1.164537e-01
5.241539e-01
8.902638e-03
3.145494e-01
1.061758e-01
-7.349891e-04
-6.447162e-01
1.313345e-02
-6.769252e-01
2.103339e-01
-1.951343e-01
-4.271247e-04
-3.004494e-02
4.662565e-01
-1.106016e-01
-2.355097e-01
-7.514465e-02
4.110394e-01
2.513198e-01
1.122520e-01
-3.479937e-01
1.357026e-01
8.647332e-01
4.255721e-02
-2.598933e-04
6.879931e-03
-8.171499e-02
3.470881e-02
-4.687975e-01
4.581015e-02
-2.513104e-01
-9.203189e-02
4.901964e-02
9.692735e-01
9.912152e-02
5.953807e-01
7.835291e-02
-2.762378e-03
7.172930e-02
5.181832e-02
3.556808e-01
6.920008e-03
4.287286e-01
1.693885e-01
9.875128e-02
3.417802e-01
-1.421121e-02
1.111483e+00
-3.739093e-01
8.299199e-01
5.620372e-04
-1.492472e-02
2.113212e-01
-7.547074e-02
-1.829686e-01
-1.012023e-01
6.503384e-01
2.396149e-01
-1.124492e-01
3.782283e-01
-2.122909e-01
-1.539692e+00
-1.694145e-01
