-6.870000e-03
1.724300e-01
4.485800e-01
-2.965300e-01
0.000000e+00
-7.875800e-01
-7.732800e-01
-7.000000e-03
1.766200e-01
-4.458700e-01
-2.949100e-01
0.000000e+00
-7.391200e-01
8.310200e-01
9.933600e-01
-2.273600e-01
-1.150000e-03
-1.264900e-01
0.000000e+00
-1.230600e-01
4.820000e-03
2.968000e-02
8.046400e-01
5.760000e-03
6.168900e-01
0.000000e+00
7.929600e-01
-3.392000e-02
-4.000000e-04
-1.734000e-02
-2.125200e-01
6.971000e-02
9.314800e-01
-8.227000e-02
-3.375800e-01
-4.350000e-03
-1.895600e-01
1.365700e-01
7.184700e-01
-1.373000e-02
-7.263200e-01
2.447500e-01
8.500000e-04
3.728000e-02
5.496800e-01
-1.514700e-01
3.635400e-01
1.833700e-01
8.742200e-01
